___;Parse; TGG_FWD; Precedence; SDM Validation; TGG_BWD; Unparse;
1000;110;889;1186;0;94;452;
1000;109;920;1201;0;93;577;
1000;109;905;1201;0;109;406;
1000;93;889;1185;16;94;421;
1000;94;904;1202;15;94;421;
1000;93;905;1201;0;109;422;
1000;109;889;1216;0;110;421;
1000;109;889;1170;0;94;437;
1000;109;905;1186;0;109;437;
1000;93;889;1185;16;93;436;
2000;156;1513;1482;16;187;671;
2000;140;1544;1498;0;156;640;
2000;156;1513;1529;0;187;608;
2000;156;1513;1497;0;140;686;
2000;141;1529;1513;0;156;578;
2000;156;1529;1514;0;156;624;
2000;156;1513;1529;0;250;608;
2000;156;1514;1498;0;156;577;
2000;156;1545;1483;0;172;562;
2000;156;1529;1513;0;156;562;
3000;187;2012;2043;0;234;765;
3000;187;2012;2138;0;203;749;
3000;187;2012;2106;0;187;718;
3000;203;2090;2074;0;234;827;
3000;187;2028;2121;0;250;733;
3000;202;1950;2074;0;218;749;
3000;187;2028;2106;0;187;733;
3000;187;2028;2153;0;234;842;
3000;187;2028;2106;0;203;717;
3000;187;2043;2138;15;203;702;
4000;219;2527;2512;16;249;967;
4000;218;2543;2558;0;250;889;
4000;219;2512;2528;0;250;1014;
4000;234;2527;2528;0;265;951;
4000;218;2527;2527;0;249;998;
4000;234;2543;2543;0;250;936;
4000;218;2542;2543;0;250;1045;
4000;218;2496;2558;0;249;936;
4000;234;2527;2496;0;249;920;
4000;218;2527;2480;16;265;1108;
5000;265;3042;3120;0;312;1045;
5000;265;3026;3089;0;312;1124;
5000;250;3073;3152;0;297;1014;
5000;265;3057;3120;0;312;1030;
5000;266;2995;3089;0;312;1123;
5000;265;3026;3089;0;312;1014;
5000;250;3042;3120;0;312;1046;
5000;265;3058;3104;16;312;1217;
5000;250;3167;3151;16;312;1014;
5000;265;2995;3026;0;312;1061;
6000;297;3557;3775;0;312;1232;
6000;297;3573;3744;0;312;1248;
6000;296;3572;3791;0;312;1217;
6000;296;3572;3712;16;328;1155;
6000;297;3557;3713;0;328;1310;
6000;296;3572;3760;0;312;1248;
6000;297;3573;3744;16;328;1248;
6000;296;3541;3713;0;327;1264;
6000;280;3697;3760;0;328;1186;
6000;296;3541;3713;0;312;1202;
7000;328;4337;4212;16;390;1404;
7000;343;4243;4228;0;390;1419;
7000;327;4243;4134;15;390;1357;
7000;344;4290;4244;0;390;1419;
7000;343;4415;4290;0;390;1373;
7000;343;4228;4165;0;375;1497;
7000;343;4290;4212;0;405;1389;
7000;327;4259;4165;0;390;1372;
7000;327;4274;4212;0;390;1451;
7000;343;4135;4165;0;390;1389;
8000;358;5164;4384;15;484;1623;
8000;359;5226;4431;16;468;1669;
8000;359;5227;4368;0;437;1576;
8000;359;5180;4399;16;436;1592;
8000;359;5195;4400;0;437;1576;
8000;359;5180;4477;16;437;1498;
8000;375;5195;4477;0;421;1529;
8000;374;5179;4446;15;453;1482;
8000;359;5211;4384;15;468;1482;
8000;374;5179;4368;0;437;1653;
9000;374;5788;5008;0;514;1981;
9000;390;5787;4961;15;531;1779;
9000;390;5788;4961;0;515;1669;
9000;406;5804;4929;0;515;1763;
9000;406;5913;5007;0;515;1716;
9000;421;5819;4946;0;515;1685;
9000;406;5912;4961;15;499;1732;
9000;406;5851;4992;16;546;1684;
9000;390;5897;4899;0;515;1685;
9000;390;5928;5085;16;546;1669;
10000;422;6599;5600;16;577;1919;
10000;421;6583;5756;0;561;2028;
10000;436;6537;5507;16;562;1856;
10000;421;6630;5663;15;593;1997;
10000;437;6537;5647;15;578;1872;
10000;436;6584;5663;16;593;1841;
10000;437;6568;5678;16;593;1872;
10000;421;6631;5631;0;577;1841;
10000;436;6521;5632;16;561;1841;
10000;422;6599;5662;16;562;1857;
20000;733;18112;10874;15;1248;3526;
20000;733;19515;10733;32;1248;4103;
20000;780;18096;10983;15;1248;3697;
20000;764;17987;10623;16;1248;3495;
20000;749;17972;10733;16;1232;3572;
20000;780;17815;10779;16;1232;3994;
20000;749;17738;10858;31;1263;3682;
20000;764;17800;10780;16;1233;3697;
20000;780;17971;10764;16;1233;3728;
20000;749;18096;10920;31;1264;3557;
30000;1217;36458;17644;31;2090;5960;
30000;1233;36786;17316;32;2091;5647;
30000;1201;35334;17457;46;2091;5164;
30000;1232;36863;17566;31;2122;6428;
30000;1202;36817;17519;31;2106;5710;
30000;1232;37425;17862;47;2106;5257;
30000;1232;36894;17301;31;2091;5444;
30000;1232;36910;17550;47;2122;5304;
30000;1248;36817;17457;47;2075;5616;
30000;1217;37534;17347;31;2106;5507;
40000;1326;68516;25210;78;3183;7722;
40000;1451;70919;26193;78;3276;7628;
40000;1357;70715;25366;78;3151;7675;
40000;1341;69296;25678;78;3198;7754;
40000;1342;69328;25927;63;3214;7316;
40000;1373;70840;25803;62;3244;7628;
40000;1342;70279;25849;78;3198;7426;
40000;1373;70466;25163;62;3182;7129;
40000;1482;69655;25195;62;3213;8065;
40000;1466;70824;25382;63;3198;7099;
50000;1638;119607;35537;109;4321;9610;
50000;1654;121666;36005;109;4368;9657;
50000;1731;122087;35833;110;4321;8939;
50000;1825;121073;35303;94;4259;9345;
50000;1747;123039;35366;94;4321;9002;
100000;3369;696206;105739;312;12044;19656;
100000;3401;697329;107470;296;12152;18471;
100000;3276;693522;106783;297;12075;19937;
100000;3307;686393;107423;312;12137;19641;
100000;3322;666129;105645;312;12122;20888;
150000;4867;1869996;227124;624;23759;29952;
150000;5210;1884224;224066;624;23557;35698;
150000;4856;1927806;225625;640;23915;29017;
150000;5148;1910900;223832;640;23665;31232;
150000;4915;1875222;225001;640;23665;31185;
200000;8112;3140914;375731;1092;82900;72214;
200000;8003;3163143;379132;1108;81480;66099;
200000;7831;3135422;367759;1108;81464;82962;
200000;7956;3112115;371519;1123;79405;81933;
200000;8191;3161646;372018;1108;82260;81636;